1772.8,102.716,146.184,138.227,111.135,98.7255,77.4151,63.3255,55.5115,37.6565,16.4672,11.2996,3.60191,-3.75729,1.71046,-2.27336,110.24,-3.59897,22.9892,12.5727,-2.0367,4.27051,1.28579,1.58906,2.50444,-1.2527,-10.2503,-5.57442,-3.76,-4.31343,0.689103,-1.44299,105.924,5.1953,30.8245,20.8716,8.42747,11.5986,7.72237,3.89655,6.66346,3.60558,-7.36213,-4.14959,-2.87777,-4.91353,-0.99568,-1.52968,106.077,-9.93394,15.9984,2.91527,-10.2791,-3.05837,-5.42687,-6.34118,0.106846,-6.29162,-14.155,-7.44187,-5.18916,-7.53097,0.1292,-1.14039,99.5851,-2.14082,20.8825,11.9775,-1.66634,2.67263,-1.14833,-3.88383,-1.93942,-3.47853,-12.5274,-6.86974,-5.05303,-5.66856,-1.86965,-1.83752,89.1772,-9.26911,10.5216,1.35,-11.6159,-6.95363,-9.72696,-12.8163,-9.97042,-10.118,-19.454,-9.19647,-6.84258,-9.63749,-3.37764,-2.22509,85.0001,-6.16346,14.5717,5.95581,-6.29941,-1.63206,-6.94472,-8.54767,-6.00885,-8.46692,-14.3005,-7.71965,-6.76895,-8.42234,-1.91236,-2.05368,89.9267,-1.88145,18.6256,11.4032,-3.05639,1.75879,-2.91389,-4.97792,1.27977,-2.46191,-11.9338,-6.83421,-4.78919,-7.54213,-0.945426,-2.54975,105.6,-2.76203,20.4101,11.986,-5.23441,1.41716,-3.12978,-0.278871,8.40761,3.60835,-14.5598,-6.47176,-4.3098,-5.95973,-0.328574,0.326686,114.264,-0.702415,25.893,16.2107,-2.47633,4.45356,2.03463,2.86925,27.2228,18.0524,-14.7637,-7.1984,-4.07459,-3.59246,2.40435,-1.73706
102.716,1883.89,56.5427,193.502,338.8,-121.467,146.175,32.283,129.903,138.645,78.3365,-8.84578,-54.0516,31.2172,-25.4167,1.35572,-3.65037,228.596,-89.9619,27.6316,171.533,-222.941,34.2685,-50.4785,50.0841,73.6176,31.401,-32.6415,-61.2278,22.9691,-27.1368,0.777658,3.98324,229.691,-75.7627,40.3171,185.117,-214.036,43.9876,-45.918,57.5292,84.0393,36.9381,-30.2985,-64.2691,24.4985,-30.6484,1.0985,-11.3351,231.372,-106.775,17.2366,174.818,-250.307,28.4661,-62.3702,48.8363,76.9365,31.2902,-37.0846,-72.3949,24.4198,-31.9495,0.999506,-4.06235,230.911,-94.576,28.6066,186.444,-244.857,36.1511,-60.1904,52.6549,83.6744,34.5528,-37.6463,-72.8968,26.6409,-35.3378,1.03715,-12.5472,223.291,-111.827,15.0097,181.387,-271.325,26.7776,-75.7603,48.0267,82.3134,32.5423,-44.4642,-84.2183,27.1516,-42.1947,0.416635,-9.21073,220.072,-102.789,20.6694,186.1,-263.834,30.641,-69.8426,51.0218,84.0228,35.5493,-42.9846,-83.278,29.0641,-41.3439,0.713331,-5.14848,215.168,-92.7004,25.5033,177.066,-240.275,32.662,-60.4276,52.4279,82.0152,33.8657,-37.4466,-74.5138,25.366,-35.6428,0.611479,-3.89374,236.783,-101.032,25.7668,187.216,-256.099,33.6222,-60.3143,59.4307,89.2293,36.5736,-38.3864,-76.2182,27.7719,-35.1097,1.69171,-2.96984,253.895,-104.599,30.0521,201.008,-272.635,39.7327,-60.2707,76.2665,104.977,42.6334,-39.9141,-80.0283,31.5847,-37.0129,1.93905
146.184,56.5427,1936.92,159.618,53.7927,327.174,105.524,158.437,63.3492,13.6415,23.1368,51.6296,67.565,-12.8337,27.4856,-0.238335,19.6884,-90.5282,172.584,-33.7223,-112.128,158.112,-24.9524,45.6642,-25.7397,-49.9714,-27.8278,15.8895,44.6366,-19.1701,18.7239,-1.33844,26.539,-74.6497,182.266,-17.5338,-96.7793,172.234,-13.4658,53.5456,-17.9434,-45.3239,-23.3045,20.5207,49.7423,-20.6757,20.0103,-1.22863,10.6634,-105.698,169.919,-50.8308,-135.505,159.878,-37.4702,40.3168,-34.5211,-61.2466,-34.6994,15.5844,48.8241,-23.6726,21.0826,-1.26893,16.9361,-91.4657,175.411,-38.0567,-121.038,171.058,-29.4119,46.5462,-33.2767,-58.3319,-32.6932,18.0016,53.0092,-24.5318,21.3672,-1.7676,5.40553,-106.573,161.897,-58.5931,-145.378,165.95,-45.2205,36.7159,-46.6114,-73.5529,-42.734,16.3653,55.5805,-30.7146,22.8386,-2.66835,8.36798,-98.3223,165.011,-50.4564,-136.4,171.972,-39.4756,42.2302,-41.6305,-68.6891,-38.3397,18.1733,55.7603,-29.1572,24.1648,-2.51219,12.974,-88.8305,162.016,-38.0342,-122.095,163.107,-32.4113,43.1974,-31.5461,-57.3371,-32.8086,17.6183,52.7376,-25.9719,22.5269,-2.36862,17.7977,-97.9276,176.927,-39.6341,-131.112,171.955,-34.5349,49.1294,-27.0799,-55.577,-34.594,18.8535,54.9401,-24.6357,23.4927,-0.415295,20.4398,-102.232,192.571,-35.0829,-137.797,187.25,-33.3388,56.5235,-13.5982,-47.2097,-35.1372,21.3261,59.9962,-24.0134,27.4179,-1.27973
138.227,193.502,159.618,1934.42,207.806,98.7527,158.346,100.928,124.595,101.553,64.6264,26.0224,5.41926,17.2324,1.9826,4.3467,10.3392,25.8448,-31.9362,183.78,17.2253,-57.2804,14.2308,-13.8101,22.4185,22.7467,4.73127,-10.934,-14.3897,5.82061,-6.0224,1.94271,18.4132,38.2279,-15.9968,192.366,34.2265,-43.5518,27.861,-5.12932,32.1228,32.1054,11.0819,-6.97236,-13.4365,7.3395,-7.1792,2.56048,0.597378,15.6241,-48.2033,176.494,4.35889,-73.6911,5.40826,-26.4987,18.5925,19.2971,0.937326,-14.199,-18.2984,5.18153,-7.76523,2.81524,8.04251,26.5512,-37.0382,181.145,19.4313,-62.9498,15.1693,-18.4845,22.5548,25.3294,4.28517,-12.4376,-17.8585,6.94187,-9.31931,2.71029,-4.12024,11.9063,-58.5158,160.929,1.33138,-83.2658,1.2972,-33.3198,11.9251,17.1545,-2.761,-18.1392,-22.3821,4.61916,-12.9084,1.78245,-0.369198,16.9804,-49.2472,163.53,9.40677,-75.128,7.10791,-27.3421,17.3033,19.9914,1.37563,-15.9955,-21.5115,6.03738,-11.7253,2.07651,4.23381,21.0647,-40.3682,178.097,13.2523,-65.1377,10.839,-21.8171,22.0578,24.1287,3.58503,-13.0477,-18.2766,5.45053,-8.78124,1.95706,7.57226,23.0015,-40.7845,212.947,12.5517,-70.4956,9.82029,-21.2244,27.5536,30.5454,4.28546,-12.958,-18.0171,7.42108,-8.75234,4.61926,9.2678,26.0202,-36.8341,256.788,15.2382,-74.9057,13.8533,-21.404,41.7078,44.8928,8.09106,-12.5583,-18.7144,9.4941,-6.85141,4.98169
111.135,338.8,53.7927,207.806,1909.49,-337.265,207.642,19.7731,187.778,217.354,121.514,-17.0408,-90.0412,54.7379,-39.9913,2.56926,-1.78675,169.935,-111.858,17.43,419.84,-438.568,70.1358,-81.1961,84.6026,129.379,56.2826,-49.1974,-100.332,39.0233,-44.9715,0.136505,6.42667,174.841,-94.0713,33.2556,437.164,-430.819,83.3533,-74.0555,94.0155,144.727,63.7801,-46.5805,-105.642,42.0419,-49.3883,0.500968,-10.9121,167.866,-131.828,4.38714,442.394,-484.17,66.3245,-95.7219,84.7798,138.797,58.4444,-55.7902,-117.481,42.8907,-52.475,-0.0757814,-2.97007,171.291,-116.495,18.1541,455.829,-478.807,77.3734,-92.9595,92.9005,148.909,63.4103,-56.6157,-118.802,46.0019,-56.6957,0.263813,-13.7769,159.885,-137.228,1.13735,462.276,-522.142,68.3034,-112.383,90.3713,152.364,63.9361,-66.1123,-136.184,49.15,-66.6444,-0.596713,-9.56944,159.813,-126.287,7.91228,466.413,-512.196,72.5665,-105.297,93.2514,153.364,66.2555,-64.5024,-134.698,51.3993,-66.2203,-0.251558,-5.72462,157.453,-115.162,13.521,437.114,-470.863,72.4101,-92.6871,90.1934,145.029,61.7621,-56.5331,-121.367,44.9947,-57.733,0.0650536,-4.71107,173.079,-126.102,12.3565,463.791,-500.508,74.0328,-95.7612,96.4688,152.69,66.6696,-58.5582,-124.805,47.4625,-57.4144,-0.132477,-4.22699,185.577,-132.159,15.1294,493.503,-536.48,82.2655,-98.3667,111.507,167.931,75.1327,-61.3036,-131.897,51.8874,-62.4628,0.823977
98.7255,-121.467,327.174,98.7527,-337.265,2068.74,-29.7385,227.758,-19.4163,-113.629,-17.0075,100.256,165.743,-43.0757,74.0679,2.08124,3.72327,-221.808,159.223,-56.9439,-441.351,654.103,-125.762,122.285,-93.2458,-160.121,-62.5993,59.6934,131.132,-49.4424,57.8389,-1.01457,9.99718,-202.938,167.055,-42.5274,-427.883,675.009,-119.22,130.824,-87.4296,-162.761,-59.7532,65.3527,142.458,-52.5633,63.7233,-0.828195,-4.49903,-242.327,157.997,-73.0545,-488.768,698.623,-146.072,124.339,-106.532,-182.252,-72.2942,63.6445,148.86,-57.2297,66.5659,-0.661636,1.55226,-224.464,162.51,-60.7276,-475.986,714.083,-141.112,133.835,-107.582,-184.197,-71.651,68.5796,155.806,-60.336,70.6342,-1.22274,-8.48436,-240.23,151.007,-79.5014,-516.278,744.019,-163.055,132.731,-125.475,-208.739,-84.7517,72.3737,171.099,-70.1236,79.78,-2.03102,-4.9933,-228.151,153.431,-71.1876,-504.614,744.422,-155.955,135.769,-119.983,-202.479,-80.8368,73.8567,170.488,-69.6501,80.9508,-2.04207,-1.63566,-214.568,149.297,-62.0111,-466.138,693.229,-141.69,127.33,-105.093,-181.013,-71.3158,67.6875,157.18,-61.3349,72.9948,-1.80609,1.23011,-235.763,163.077,-67.1685,-497.31,730.638,-147.628,136.824,-105.218,-184.944,-75.6944,70.686,162.447,-61.4615,73.7131,0.566318,2.52952,-249.761,175.908,-69.8045,-527.47,790.297,-158.757,146.618,-101.536,-186.479,-80.4712,76.8906,174.152,-64.0487,82.4601,-0.364365
77.4151,146.175,105.524,158.346,207.642,-29.7385,1405.78,49.4692,103.408,98.7946,63.9721,27.6486,0.359717,24.951,2.78127,3.42731,-2.61301,31.7354,-26.4997,12.2167,68.817,-126.436,118.225,-36.1594,24.614,34.895,12.5552,-4.18825,-16.4507,12.7115,-6.63218,0.398789,3.70318,38.9006,-14.7686,24.9196,80.7152,-118.252,129.546,-30.7301,31.4191,43.1445,17.4158,-0.316649,-16.0653,12.881,-7.02449,0.742174,-9.97988,25.0843,-38.3032,2.51675,63.8799,-145.439,121.116,-43.1652,20.2613,35.2818,11.349,-5.45398,-21.5968,13.1803,-7.73983,0.136342,-3.64972,30.5607,-28.8384,12.7804,74.9322,-139.77,130.556,-42.5058,24.9476,40.8371,14.1117,-4.76885,-18.4061,13.428,-8.64497,0.577824,-12.3237,19.6355,-43.9211,-0.753973,63.8324,-159.111,127.49,-56.5231,19.9029,36.2193,11.3712,-7.78084,-24.8236,13.0085,-10.9223,0.326257,-8.5425,22.8629,-36.7029,4.56728,68.9772,-152.686,129.519,-51.1444,21.5661,38.8779,12.763,-7.02999,-24.5076,14.8284,-10.6895,0.469916,-6.1204,25.4424,-31.8401,8.64981,67.9601,-139.043,124.145,-42.4734,24.3404,39.5229,13.2742,-4.54255,-20.288,12.7927,-8.613,0.633632,-4.41861,29.0718,-33.539,8.26335,73.0257,-147.049,130.135,-41.3708,28.8906,41.4258,15.6329,-4.48624,-20.7685,14.4784,-7.46258,-0.0896223,-3.68966,32.4879,-33.3313,10.8652,77.6124,-157.705,143.761,-38.2193,40.386,48.2508,18.9171,-3.18936,-20.1473,17.0739,-8.83735,0.351606
63.3255,32.283,158.437,100.928,19.7731,227.758,49.4692,1378.39,25.3655,8.45236,20.2856,45.9047,52.8693,1.87135,27.3336,-2.39282,-1.66525,-51.0093,44.5609,-16.841,-83.9404,120.405,-34.3785,133.11,-34.566,-36.6954,-20.4616,15.8761,34.5898,-4.66808,16.8023,-4.00444,2.82294,-43.3197,50.5514,-6.5528,-73.8917,128.772,-28.3908,137.302,-31.1424,-33.7028,-16.4918,19.1265,38.7346,-7.90279,17.4381,-4.40841,-8.6629,-60.1759,38.6073,-26.7824,-99.6875,124.274,-45.4456,145.391,-43.0103,-44.8149,-23.8858,17.6197,36.3687,-9.42879,19.228,-5.29662,-3.60892,-54.3229,42.1428,-18.8324,-89.3111,129.391,-41.4931,142.802,-45.1852,-41.835,-20.9328,18.3227,43.2215,-8.95962,19.1064,-5.4921,-11.4213,-64.6628,30.9072,-30.6465,-107.634,127.319,-53.6375,142.332,-53.0035,-51.8589,-27.8408,20.3977,43.2918,-13.7278,21.7002,-4.0935,-8.43446,-59.9521,35.2661,-25.9436,-101.535,130.887,-51.0754,145.94,-52.3041,-48.2536,-24.2989,20.2824,42.0556,-11.8777,22.4852,-4.32436,-5.78023,-53.2365,36.4087,-20.5821,-90.9164,122.994,-43.8861,141.524,-40.5106,-40.3365,-21.0109,18.9751,41.5839,-10.4518,19.6059,-5.06915,-1.96724,-56.2395,43.5517,-21.5232,-95.3062,132.562,-42.9082,158.426,-33.4291,-43.7343,-25.9614,19.396,42.1968,-9.50029,22.3978,-6.28684,-0.0363105,-57.0784,50.5302,-19.0556,-101.072,145.756,-40.7984,181.176,-14.0464,-42.2491,-32.467,18.9202,47.9679,-5.79931,22.5988,-10.6351
55.5115,129.903,63.3492,124.595,187.778,-19.4163,103.408,25.3655,1828.13,82.3368,57.677,17.289,-6.91384,26.8781,5.47156,4.57651,0.981619,48.0604,-24.5502,21.5538,80.9038,-96.2329,28.2683,-32.5939,125.634,32.5876,18.614,-10.0099,-18.8334,19.9095,-2.3736,1.67065,3.59065,50.5864,-18.9241,27.8766,89.9253,-89.9353,34.0958,-34.3952,132.143,37.6309,25.3189,-8.81899,-19.1742,20.1207,-6.88608,1.96458,-6.31599,44.3993,-33.6655,14.5494,80.3365,-108.043,24.7365,-41.3554,139.217,30.2871,19.69,-9.9381,-23.2609,17.2607,-4.11297,2.90943,-3.04428,45.3691,-31.5885,19.7322,88.247,-105.815,26.5985,-45.0009,134.259,34.6878,24.3794,-9.95156,-23.1327,23.8549,-7.80144,2.19176,-10.5581,37.2622,-44.1235,9.35711,82.504,-122.617,20.4587,-59.7046,136.827,31.0304,18.426,-10.8054,-26.5688,20.6395,-10.962,4.39846,-8.36229,37.9384,-38.8273,13.1461,85.34,-117.057,20.9485,-55.5187,137.983,30.7776,24.7509,-10.6152,-28.1042,21.4138,-9.08721,4.03178,-4.99012,40.3866,-32.9374,17.5771,81.5936,-104.345,22.6559,-44.1006,139.568,36.8272,25.0352,-9.446,-22.7698,20.8071,-6.85861,1.74225,2.44434,49.3043,-29.3867,23.6998,89.1524,-107.547,28.7701,-34.5649,161.605,47.4073,18.4401,-9.36281,-23.0552,23.4098,-5.36367,5.96268,6.19611,56.7609,-24.1388,31.5102,99.58,-112.539,40.2888,-26.8864,208.933,73.4098,15.5088,-13.9003,-23.3663,31.2426,-2.32283,-0.00136497
37.6565,138.645,13.6415,101.553,217.354,-113.629,98.7946,8.45236,82.3368,1815.51,47.7216,10.4263,-27.0807,30.9532,-0.934007,17.2976,-1.38787,71.5135,-49.2292,24.4182,131.989,-166.619,36.237,-34.4251,32.224,151.518,18.5689,-12.2567,-38.0717,20.9593,-7.72247,11.2528,0.713975,73.5564,-42.0683,28.9735,137.329,-162.281,43.5017,-32.6743,39.2995,161.91,22.9826,-10.3753,-41.2288,26.4749,-12.1733,13.0058,-6.91588,69.9154,-57.5378,19.5697,136.702,-182.936,38.5122,-53.9212,40.2775,164.512,18.9388,-13.1829,-42.1275,24.8223,-10.2049,16.1719,-4.95397,71.2097,-54.5493,22.863,140.501,-180.519,39.855,-42.2663,34.4162,169.255,18.5855,-11.7985,-50.0564,30.0502,-13.4754,15.4839,-10.2496,65.3501,-64.9566,13.0178,141.93,-200.44,37.077,-51.5081,25.2559,174.253,13.7925,-17.4477,-51.8383,30.244,-19.7141,13.9637,-8.49081,65.1252,-60.5612,16.7827,142.45,-195.1,38.6863,-51.2606,31.1424,170.068,16.8374,-15.8054,-51.5367,29.265,-18.1919,13.9598,-6.02025,63.8964,-54.2403,21.2866,132.973,-175.816,37.1303,-47.4237,37.1931,169.452,20.2015,-12.3906,-46.8751,28.2016,-11.2171,13.4656,-0.261962,74.9598,-55.5155,28.1694,144.372,-185.16,40.2082,-48.7579,49.0461,202.119,23.4308,-10.0674,-45.0352,32.2706,-13.6986,23.4202,2.53059,82.8249,-53.2719,34.4984,161.173,-198.763,49.159,-57.6587,70.9475,259.103,35.2233,-7.71836,-49.6944,36.1874,-4.47958,25.9866
16.4672,78.3365,23.1368,64.6264,121.514,-17.0075,63.9721,20.2856,57.677,47.7216,992.358,9.23933,-0.597397,23.5609,1.10288,12.5929,-11.213,29.6931,-30.0213,3.52837,58.0684,-62.2004,8.78555,-19.9836,19.6011,13.0983,84.3684,-7.03563,-12.0575,11.5091,-6.34807,7.59393,-7.70085,32.1593,-23.0483,10.4533,62.0645,-59.8251,13.9598,-14.7498,24.3094,18.5309,86.3743,-1.7636,-13.2738,13.0094,-4.15754,9.01854,-14.6168,27.5472,-36.5038,-0.516783,57.5618,-70.8469,7.65455,-25.3029,14.0792,17.8524,91.9671,-7.75493,-15.4274,19.341,-5.27988,9.14922,-11.2631,28.3792,-30.9506,3.43098,61.8469,-70.0991,12.1337,-20.4773,22.7387,17.1992,89.007,-8.76268,-13.6063,12.2349,-4.90041,10.6447,-14.6377,23.8438,-38.4063,-3.62366,55.7683,-77.1259,6.48752,-25.2453,19.8656,9.40424,100.461,-15.0143,-20.0899,16.2942,-6.79034,6.35125,-12.234,24.6553,-34.4985,-1.29054,58.8957,-76.0127,9.16365,-23.3677,20.5004,13.017,94.1586,-14.2075,-18.4586,18.4544,-8.38539,7.10089,-11.6671,24.7495,-32.2567,2.13568,56.4612,-69.4944,11.4251,-22.4574,17.0964,16.1179,88.3575,-7.80913,-15.6106,14.1188,-3.56261,10.0996,-12.1049,29.4988,-33.8393,1.92814,65.2892,-73.5348,10.8099,-26.2651,15.6085,22.6054,111.615,-4.73563,-13.049,18.1496,-3.82672,9.64372,-12.6158,32.6911,-34.4921,4.03878,70.5375,-75.01,10.6579,-29.8317,7.31615,30.942,140.551,7.52622,-10.9631,16.4956,-3.09052,21.22
11.2996,-8.84578,51.6296,26.0224,-17.0408,100.256,27.6486,45.9047,17.289,10.4263,9.23933,617.344,24.7346,3.94585,16.976,6.22009,-4.72694,-31.6793,16.3539,-10.3437,-48.0077,59.8775,-4.95685,17.3197,-5.98037,-9.71117,-7.54158,39.3888,14.7976,-2.04593,10.3064,3.22753,-2.94717,-28.3925,19.1329,-6.21993,-45.3978,62.5772,-2.11482,19.8724,-3.53233,-7.95973,-7.5662,43.4471,15.8975,-2.0929,12.0614,3.84569,-7.14622,-35.6291,14.4444,-13.7616,-55.4447,62.7556,-6.97233,16.6493,-9.34369,-10.1956,-8.89227,43.2456,16.0472,-0.378208,12.6378,4.03901,-5.34405,-33.2709,15.966,-11.4643,-52.4969,64.3929,-5.0672,19.0242,-7.41671,-10.5356,-11.1833,45.0332,17.8647,-3.20705,13.5079,4.52336,-7.75564,-37.0889,12.0211,-16.3992,-60.5504,65.5089,-9.08423,17.5255,-10.8803,-16.207,-11.9916,47.4732,17.7247,-3.32311,14.8071,3.0756,-6.30808,-34.9044,13.554,-14.5241,-57.9763,65.9247,-7.74165,18.3788,-10.2113,-14.357,-13.7443,47.7065,17.9518,-2.51313,14.3983,3.26762,-5.85069,-32.5341,13.3748,-11.7465,-52.9811,61.8389,-5.69851,17.5666,-8.32596,-10.2449,-10.7509,45.2429,17.3755,-2.75675,14.5843,4.25349,-4.96046,-34.116,16.0927,-12.1087,-53.7175,66.0399,-5.64951,18.9394,-7.4629,-7.17836,-4.58841,48.4677,19.1537,-1.07309,14.7611,4.68858,-4.68579,-35.2576,18.6927,-11.2535,-56.1839,73.0307,-5.39374,20.8169,-7.11871,-1.65129,2.49466,57.1098,21.8794,-1.47655,17.0252,8.52961
3.60191,-54.0516,67.565,5.41926,-90.0412,165.743,0.359717,52.8693,-6.91384,-27.0807,-0.597397,24.7346,540.407,-10.1597,22.6443,4.88979,-4.43288,-61.6956,43.8669,-14.985,-100.513,130.021,-18.1769,32.9675,-20.3316,-36.8473,-10.7166,14.5897,50.0089,-13.0431,16.841,2.53559,-3.37734,-58.023,44.5133,-12.5194,-99.269,132.467,-16.5214,34.6994,-18.8352,-37.8222,-10.6205,16.5486,53.6043,-13.6215,18.5566,2.98631,-6.12758,-66.3163,44.7998,-17.6535,-111.263,139.509,-20.5212,33.228,-22.8862,-40.864,-12.1608,16.1761,57.0372,-13.6755,19.7455,3.44102,-5.04469,-63.2034,44.229,-16.4793,-109.567,141.518,-20.0428,36.1918,-23.4955,-42.4047,-13.6005,17.0505,59.2152,-15.742,20.9109,3.53947,-6.53681,-66.3044,42.601,-20.1585,-118.241,147.771,-23.4022,36.9575,-27.7705,-49.1562,-15.4394,17.371,65.1958,-17.8057,23.3019,2.72254,-5.536,-63.5482,42.5848,-18.6358,-116.1,147.477,-22.4075,36.9119,-26.704,-47.6689,-15.9461,17.6059,64.9273,-17.7211,23.294,2.76374,-5.22258,-60.3426,40.824,-16.1709,-107.527,137.272,-20.1152,34.3022,-23.0306,-41.1858,-13.0588,17.1226,59.862,-15.6342,22.0523,3.20662,-4.32824,-65.0302,45.7462,-16.4457,-112.609,145.995,-20.6489,36.5271,-22.2253,-39.123,-10.526,18.7257,62.6098,-14.8292,21.9929,4.5436,-3.97652,-68.3704,50.1151,-16.129,-118.598,158.01,-21.3859,38.7352,-21.1963,-34.7995,-7.0351,22.6274,67.4522,-15.7804,25.5335,6.45886
-3.75729,31.2172,-12.8337,17.2324,54.7379,-43.0757,24.951,1.87135,26.8781,30.9532,23.5609,3.94585,-10.1597,354.724,-4.81149,3.07944,-6.63827,20.9461,-21.1448,3.98403,37.1535,-49.8832,10.867,-8.25006,15.4138,19.5184,13.4662,-1.82117,-12.5373,22.3438,-7.1383,1.62082,-5.62287,20.4395,-19.751,5.54544,38.3585,-49.5774,11.7676,-8.10237,16.4605,21.6509,14.1079,-0.570755,-13.4271,23.4216,-7.62565,1.9019,-7.80587,21.1225,-23.7941,3.26368,38.9344,-54.526,10.7834,-8.15891,14.9423,22.0598,14.8828,-1.53051,-15.3533,25.6756,-7.85977,1.73763,-6.61053,19.9371,-22.6574,3.85763,40.2897,-55.2364,11.7081,-9.83115,16.3634,22.9965,14.6109,-2.07146,-14.1959,26.1804,-8.49693,2.21625,-7.45246,18.8537,-25.1129,2.48223,39.6548,-59.257,10.7267,-12.2974,17.2063,22.8282,16.4187,-2.79288,-17.6409,29.1964,-9.91966,2.01307,-6.50751,18.5227,-23.5729,2.89172,40.2486,-58.7969,10.8238,-11.362,16.4413,23.43,15.2777,-2.99133,-17.6133,30.0435,-10.2678,2.10135,-6.47129,18.282,-22.3235,3.36016,37.929,-54.1073,11.0298,-9.1858,15.9638,22.7164,14.5551,-1.55578,-15.2021,26.2944,-8.48901,2.33521,-6.29412,21.3607,-22.7911,4.01049,42.1652,-56.738,12.4316,-8.02678,17.9492,23.9464,18.2449,-1.08479,-15.3017,27.7113,-7.99702,1.59951,-6.30431,23.4954,-23.3232,5.36359,45.0888,-59.4414,14.1094,-5.98964,21.2808,26.6337,22.4441,0.804037,-15.0728,29.9744,-9.23076,3.08503
1.71046,-25.4167,27.4856,1.9826,-39.9913,74.0679,2.78127,27.3336,5.47156,-0.934007,1.10288,16.976,22.6443,-4.81149,387.426,2.27186,0.172603,-27.3425,18.8517,-6.43868,-44.8826,56.2025,-6.38127,17.3253,-3.4753,-8.63125,-4.95159,9.51321,16.757,-6.52111,21.189,0.499169,0.215803,-25.9257,18.7555,-5.67308,-44.454,57.4873,-5.53787,17.3142,-2.23816,-9.22878,-4.12076,10.3244,17.8283,-6.52893,22.3996,0.60747,-0.990632,-29.62,19.0685,-7.72727,-50.0147,60.6991,-7.13156,15.9872,-2.2697,-10.4419,-5.51612,10.9182,19.2831,-7.50904,24.2927,1.25181,-0.887821,-28.5475,17.9042,-7.8336,-49.3885,61.5214,-7.67832,17.8995,-4.92206,-10.8802,-5.61325,11.7028,19.0553,-7.12555,25.4064,0.743997,-1.80408,-30.26,16.7101,-9.97717,-53.0412,63.339,-8.98322,17.6358,-7.46006,-13.5503,-7.78036,12.3484,21.9112,-9.02031,28.3561,0.44148,-1.34696,-29.0346,16.8379,-8.98327,-52.3496,63.5675,-8.77,17.3244,-6.51438,-13.6169,-6.96194,12.4219,21.4898,-9.41049,28.7927,0.224982,-1.15153,-27.5106,16.4156,-7.45705,-48.6764,59.8763,-8.0356,16.641,-3.23322,-9.72222,-5.00497,11.6661,19.9766,-7.5616,26.5702,0.362118,0.799671,-28.6475,19.5854,-6.27828,-50.51,64.1977,-7.25868,18.9126,0.147167,-5.50481,-5.80051,12.6204,21.1723,-6.99016,26.4733,2.5482,1.74729,-29.5134,22.6153,-5.10202,-51.8763,69.3826,-6.10084,20.3429,6.88386,3.12252,-5.14754,13.7109,22.5298,-6.52511,30.9922,2.12813
-2.27336,1.35572,-0.238335,4.3467,2.56926,2.08124,3.42731,-2.39282,4.57651,17.2976,12.5929,6.22009,4.88979,3.07944,2.27186,296.158,-1.51461,-0.453881,-1.73432,2.40891,1.57461,-2.78297,-1.46807,-4.34422,0.55855,10.7185,9.94323,3.05625,1.3781,0.195065,0.602372,8.00713,-1.44437,0.321087,-0.579182,2.52248,0.774744,-2.70936,0.0306739,-2.80063,2.4886,11.1611,9.91149,4.14184,0.818422,2.62985,0.421241,9.18834,-1.84875,-0.970928,-1.88444,2.28791,0.882551,-2.95363,0.139063,-11.1615,2.46954,12.536,10.5508,3.25144,2.83102,3.10681,0.712605,10.6263,-2.05844,-0.149928,-1.76752,1.83012,-0.030691,-2.38314,-0.0964187,-3.83255,2.22308,11.2643,8.4173,4.09511,-0.47031,2.53948,0.650008,10.9744,-2.09622,-0.56943,-2.31283,0.234275,0.33085,-3.37646,-0.125311,-3.26506,-1.11504,9.80623,9.06136,1.92398,1.39578,3.4164,-0.778666,9.58058,-1.92849,-0.321329,-2.31642,0.861038,0.0672063,-3.13641,0.649105,-4.64722,1.12585,9.16169,7.89992,2.68391,2.01644,2.73775,-0.762634,9.84544,-1.89203,-0.921224,-1.97494,2.11197,-0.409118,-1.90251,0.216278,-6.86921,1.05473,11.5084,9.05166,3.721,1.08327,2.81898,1.73802,10.0905,-1.3659,-0.0206925,-2.23996,3.62136,0.846264,-2.22751,-0.748436,-10.7355,0.963736,20.542,14.7079,5.43912,2.91091,4.21007,0.00530885,13.7839,-1.16951,0.247639,-1.58366,4.53398,3.32066,-2.88587,-1.01462,-17.7792,-2.03196,33.9014,23.9696,9.74425,2.13211,3.06617,4.2461,18.2168
110.24,-3.65037,19.6884,10.3392,-1.78675,3.72327,-2.61301,-1.66525,0.981619,-1.38787,-11.213,-4.72694,-4.43288,-6.63827,0.172603,-1.51461,1528.46,76.0168,113.182,105.414,81.2125,73.1682,60.3398,48.1182,39.3705,24.8317,11.4533,6.73571,1.92552,-1.80052,0.718838,-2.31434,90.8318,0.720034,22.6185,13.5991,2.87535,6.13053,3.01631,0.0880982,2.36185,0.143164,-8.54062,-4.90518,-3.51208,-5.09229,-1.4308,-1.73925,96.346,-5.33424,18.2072,7.10798,-4.69283,1.11726,-1.47974,-2.65242,1.53143,-4.33149,-10.9784,-5.53721,-4.09858,-6.29777,0.309584,-1.13829,86.8172,-4.03832,16.186,8.20044,-3.73784,0.414626,-2.91814,-5.05,-3.70865,-4.90796,-11.9633,-6.6309,-4.88485,-5.49697,-1.91673,-1.92793,80.476,-7.26909,10.5601,2.00905,-9.55602,-5.35823,-8.04478,-11.0648,-8.99322,-9.41668,-16.9702,-8.00225,-6.22837,-8.62336,-2.94965,-2.17902,77.0097,-3.58275,15.2555,7.71318,-3.27843,0.45987,-4.44945,-6.22624,-4.84103,-7.2105,-12.1227,-6.43283,-5.89264,-7.43538,-1.66289,-2.03253,79.6832,-1.27819,17.5616,11.3378,-1.01346,3.37404,-0.677093,-2.58666,1.91661,-1.59723,-9.33396,-5.00487,-3.59512,-6.16682,-0.330607,-2.1317,94.9125,-0.087328,21.3392,13.9198,-1.1537,4.25396,-0.113118,1.74578,7.78748,3.09498,-11.7622,-5.05672,-3.60288,-5.29105,-0.256929,-0.132428,100.972,-0.711897,23.0615,14.3139,-1.83916,4.31935,1.88207,2.55788,21.8168,13.526,-12.9276,-6.24674,-3.74168,-3.49628,1.79745,-1.88601
-3.59897,228.596,-90.5282,25.8448,169.935,-221.808,31.7354,-51.0093,48.0604,71.5135,29.6931,-31.6793,-61.6956,20.9461,-27.3425,-0.453881,76.0168,1549.48,38.8266,147.704,262.353,-104.302,113.589,21.9999,99.0324,103.273,58.023,-10.5463,-44.752,25.8613,-21.6673,-0.315283,-0.47323,199.921,-73.8695,29.0521,158.737,-196.146,34.3231,-44.8437,47.1455,69.8586,29.0859,-29.1089,-58.4495,20.9054,-28.1491,-0.399982,-6.89952,211.528,-89.6192,21.1189,161.479,-217.834,29.9304,-49.9039,45.9159,68.8308,28.4513,-32.1082,-64.2248,22.0736,-28.4667,-0.413217,-5.55906,203.429,-87.3533,22.0286,163.155,-220.709,29.9029,-55.1661,44.7172,71.1268,28.6088,-34.7873,-65.2661,23.1989,-32.0654,-0.576134,-9.52389,200.678,-97.8701,14.4886,162.62,-240.649,24.8527,-66.61,43.4912,71.9554,28.1784,-39.5715,-75.3074,24.009,-37.6064,-0.680101,-6.32123,198.618,-88.8539,21.0446,168.407,-232.906,29.2502,-60.0441,46.4821,74.3773,31.4159,-38.0736,-74.2795,25.9329,-36.8494,-0.442553,-4.01444,193.468,-80.5396,24.5975,160.304,-211.578,31.7624,-50.3887,48.3628,72.6627,30.5044,-32.6608,-65.762,23.0738,-31.715,-0.37583,-2.04633,214.352,-85.9275,26.5093,170.984,-224.59,33.6696,-49.289,54.4284,77.1634,31.9888,-34.0183,-67.891,24.5822,-31.2964,-0.467053,-3.25808,226.729,-92.6951,26.5406,179.4,-242.139,36.3311,-50.2291,67.4404,86.7337,34.7034,-36.7371,-71.5493,27.911,-34.1011,-0.929362
22.9892,-89.9619,172.584,-31.9362,-111.858,159.223,-26.4997,44.5609,-24.5502,-49.2292,-30.0213,16.3539,43.8669,-21.1448,18.8517,-1.73432,113.182,38.8266,1695.23,121.031,33.103,258.078,81.4694,126.069,47.2665,5.57452,13.605,38.3936,53.8886,-9.61059,21.8494,-1.15561,20.995,-72.3952,158.594,-22.7444,-94.335,149.885,-17.2953,44.4265,-18.7919,-44.0813,-25.0711,15.8073,43.8772,-19.2906,17.407,-1.89519,15.6821,-88.1603,162.366,-37.1133,-114.815,151.63,-27.1682,43.0336,-24.8215,-52.1799,-30.3252,15.1958,45.2181,-21.0346,19.8,-1.49289,14.3552,-84.8849,155.977,-37.3362,-112.702,152.076,-28.9389,40.6848,-30.7327,-54.214,-31.9455,14.8674,47.3633,-22.0747,19.0194,-2.34888,8.01974,-93.6009,149.464,-50.6156,-129.461,151.713,-39.0336,34.6284,-39.9253,-65.4663,-39.9872,14.8444,50.5175,-27.6275,20.7103,-2.62284,10.7344,-85.3417,153.277,-41.3409,-119.815,158.72,-32.9164,40.885,-34.5567,-60.5193,-34.7824,16.7758,50.7841,-26.1737,22.183,-2.54418,14.0753,-77.2021,150.542,-30.0891,-106.529,151.754,-25.4565,43.3577,-23.6348,-49.2468,-28.6962,16.7861,48.7867,-22.5248,21.0238,-2.45626,20.1328,-83.1704,166.775,-28.8631,-112.669,160.962,-25.8225,50.4296,-18.237,-47.5271,-31.9293,17.5655,50.4082,-21.7355,21.6717,-0.720001,20.4691,-90.1668,177.376,-28.5004,-122.499,171.596,-27.054,55.4508,-5.29279,-40.7679,-35.3259,18.0203,54.4368,-20.8578,25.1243,-2.58934
12.5727,27.6316,-33.7223,183.78,17.43,-56.9439,12.2167,-16.841,21.5538,24.4182,3.52837,-10.3437,-14.985,3.98403,-6.43868,2.40891,105.414,147.704,121.031,1724.16,159.167,71.1824,123.782,77.3528,95.151,76.3788,48.8954,17.9435,2.53878,14.0111,0.662688,3.03373,12.4513,28.4387,-22.9695,162.952,23.3108,-46.3203,18.7229,-10.4503,23.9405,25.485,6.66382,-8.82251,-13.8134,5.631,-7.40813,2.14727,6.13253,20.8871,-36.5162,165.083,12.3461,-59.9502,10.8888,-20.0142,20.7613,20.772,3.0294,-11.6713,-15.6324,4.83756,-6.80681,2.84257,5.22695,20.8902,-38.0145,157.642,13.7618,-60.5258,10.5032,-19.8784,17.8289,21.0748,2.094,-12.5658,-17.4147,5.72349,-9.04193,2.44166,-1.33739,13.0841,-50.9198,145.691,3.53577,-73.9567,2.5677,-29.5921,11.002,16.3687,-2.70064,-16.5386,-20.5037,4.08894,-11.9128,1.77553,2.06301,18.5539,-41.5841,150.161,12.1227,-64.9498,9.02458,-23.1197,17.1368,19.5396,1.89616,-14.107,-19.3381,5.3665,-10.703,2.06865,5.62747,21.9315,-33.33,162.226,16.3376,-54.8371,13.5134,-17.1618,22.467,24.0163,4.86576,-10.8495,-15.9501,5.47389,-7.56545,2.11853,9.47892,25.1948,-32.4992,193.481,17.232,-59.0565,13.2978,-16.5789,27.1498,30.1041,5.02384,-10.9792,-15.9551,6.7844,-8.04761,4.55896,8.51713,24.3392,-33.4238,225.869,15.646,-66.5126,13.8533,-20.1624,37.2407,41.6089,6.9427,-11.663,-17.3894,8.29627,-6.294,4.72394
-2.0367,171.533,-112.128,17.2253,419.84,-441.351,68.817,-83.9404,80.9038,131.989,58.0684,-48.0077,-100.513,37.1535,-44.8826,1.57461,81.2125,262.353,33.103,159.167,1636.25,-284.667,161.975,8.42511,144.618,170.229,95.6393,-16.1959,-74.2461,43.9191,-33.2355,2.98133,0.814087,151.157,-91.995,22.7069,387.067,-396.116,69.9911,-72.5711,78.4932,127.494,56.1334,-43.218,-96.5278,36.927,-44.8153,1.48966,-6.32803,155.803,-112.465,11.4265,406,-433.325,64.6402,-85.2502,77.5284,128.541,56.2096,-48.7165,-104.711,38.824,-46.9485,1.4876,-5.69846,150.395,-108.691,12.7713,407.857,-437.504,66.5342,-87.0677,79.9036,132.855,56.8009,-51.3423,-108.356,40.6244,-51.1187,1.58877,-11.3659,144.844,-121.729,2.16585,417.56,-471.682,62.6306,-101.082,79.3567,138.07,59.0703,-59.4638,-122.802,44.2755,-59.9628,0.50652,-7.3449,145.626,-111.222,9.87438,422.373,-461.413,68.1209,-94.3724,83.3075,139.438,61.2297,-57.4445,-120.892,46.0683,-59.5447,0.862681,-4.41201,143.161,-100.86,15.5096,398.664,-422.537,67.4503,-82.8626,80.9208,132.589,58.131,-49.5666,-108.928,40.8429,-51.2311,1.52663,-3.76691,157.937,-110.153,15.6874,422.19,-448.289,69.4793,-87.5866,84.9567,140.501,63.5859,-51.2965,-111.902,42.7746,-51.7161,1.8298,-6.07609,165.481,-120.03,13.5353,446.062,-486.865,73.7648,-94.7595,92.6366,153.474,71.6366,-53.809,-119.336,45.732,-55.7593,3.6588
4.27051,-222.941,158.112,-57.2804,-438.568,654.103,-126.436,120.405,-96.2329,-166.619,-62.2004,59.8775,130.021,-49.8832,56.2025,-2.78297,73.1682,-104.302,258.078,71.1824,-284.667,1709.7,-29.6455,181.912,-22.4633,-100.836,-16.4064,80.3756,133.749,-34.5062,58.4416,-0.311876,4.95437,-187.613,143.914,-45.2722,-391.388,603.846,-112.797,114.276,-84.5653,-153.735,-56.4788,58.6714,127.6,-48.6428,56.5269,-2.64356,-0.430897,-212.293,147.963,-60.0131,-434.483,637.727,-128.015,119.255,-97.0751,-166.1,-62.7708,59.5029,134.076,-50.5556,59.3709,-2.99346,-0.696728,-204.664,143.182,-58.6503,-433.456,643.815,-129.855,118.81,-101.045,-171.745,-65.704,61.3652,141.213,-55.7912,62.8335,-3.31362,-6.18135,-214.685,137.663,-70.4769,-464.482,675.242,-147.155,120.335,-113.464,-192.418,-74.6821,66.0783,153.668,-63.7115,71.9675,-3.98818,-2.97075,-203.491,140.735,-62.0843,-452.034,673.925,-139.657,124.998,-108.945,-185.128,-71.9184,67.4519,153.48,-62.4322,72.6638,-3.87744,0.0574561,-190.132,137.959,-52.743,-418.426,628.919,-124.385,119.246,-95.6393,-166.272,-63.3224,62.5209,142.234,-55.5541,65.0766,-3.26081,1.95584,-208.981,150.823,-57.9217,-444.865,666.137,-130.697,128.341,-97.2585,-173.762,-65.3215,65.2524,146.719,-55.7473,66.5033,-3.45123,0.598045,-224.66,158.313,-64.3869,-475.925,718.535,-143.73,137.393,-98.7836,-183.545,-70.369,71.0538,157.882,-58.6508,71.9306,-3.77184
1.28579,34.2685,-24.9524,14.2308,70.1358,-125.762,118.225,-34.3785,28.2683,36.237,8.78555,-4.95685,-18.1769,10.867,-6.38127,-1.46807,60.3398,113.589,81.4694,123.782,161.975,-29.6455,1185.11,39.858,85.0134,77.0597,44.4166,18.9736,-0.0376098,21.7416,2.25105,1.50062,1.94132,31.7054,-17.788,17.2371,67.5859,-110.951,114.84,-29.8421,28.8045,37.0619,10.3608,-4.10991,-15.3291,11.5057,-7.09872,-0.939982,-3.09978,29.1459,-26.802,9.52032,63.6299,-125.394,116.271,-31.9756,26.794,33.8769,7.74427,-5.49532,-19.0008,11.3192,-6.56262,-1.28836,-3.21039,26.4824,-27.7333,9.59337,66.028,-127.989,117.389,-38.6292,24.1884,35.9098,8.7394,-6.68034,-17.3463,12.8274,-8.4512,-1.33121,-8.23299,20.4948,-36.811,1.86503,59.5508,-143.142,118.518,-49.2604,22.1001,34.3487,5.80966,-7.71994,-22.1954,11.7165,-10.2266,-0.437108,-5.12228,23.621,-30.0477,7.51159,65.0995,-135.031,120.09,-43.6574,24.1675,36.6195,9.27297,-6.88861,-22.1468,13.2979,-9.45777,-0.435951,-2.23439,26.9114,-24.2783,12.2384,65.9439,-122.181,116.399,-34.0187,28.7459,37.7452,10.1053,-5.19706,-17.9536,12.0863,-8.18026,-1.10711,0.227321,30.913,-24.4564,13.2855,70.3803,-129.181,123.394,-30.0173,35.7221,39.5805,8.30824,-5.45681,-18.7181,13.34,-6.69223,-1.33507,-0.314033,32.1476,-26.2191,13.581,72.3333,-140.222,135.105,-26.8815,51.2937,45.7432,5.91683,-7.59911,-18.7852,16.7428,-8.07927,-3.7231
1.58906,-50.4785,45.6642,-13.8101,-81.1961,122.285,-36.1594,133.11,-32.5939,-34.4251,-19.9836,17.3197,32.9675,-8.25006,17.3253,-4.34422,48.1182,21.9999,126.069,77.3528,8.42511,181.912,39.858,1239.52,21.0467,7.19579,12.8523,35.2565,44.9559,4.69801,23.2017,-0.928398,1.21437,-42.059,42.8297,-9.45678,-70.7086,114.03,-28.1438,122.731,-27.8816,-30.0185,-16.4812,15.8697,34.867,-6.98518,15.811,-3.67542,-3.287,-49.6132,41.5647,-17.7524,-84.9867,117.478,-36.2617,135.499,-32.7703,-36.6202,-20.6181,16.6534,34.1144,-8.34138,18.3407,-4.09813,-3.56703,-50.3616,37.2207,-18.1396,-82.7518,116.181,-38.5796,129.006,-39.8535,-36.6965,-19.921,15.9879,38.8441,-7.49268,17.5055,-4.56337,-8.33713,-56.7668,30.4307,-25.7443,-95.8657,116.656,-46.8888,130.22,-45.8263,-44.4566,-26.0555,18.5633,39.8104,-12.0815,19.8274,-3.04858,-5.84094,-52.3707,34.5672,-20.6683,-89.8805,121.028,-44.3475,133.975,-44.2663,-41.1655,-21.6946,18.7633,38.7497,-10.4739,20.9076,-3.27496,-2.68897,-45.2715,37.0244,-14.273,-79.1829,115.242,-36.9478,130.815,-32.0684,-32.9833,-18.2091,17.5223,38.3717,-8.86068,18.342,-4.29442,1.47915,-47.3172,44.4374,-13.9581,-82.2231,124.103,-34.9787,147.468,-23.6799,-33.9162,-23.5078,18.2693,39.2454,-7.68927,20.977,-4.36534,2.18135,-49.6579,49.3202,-13.345,-89.0175,134.268,-33.7748,166.773,-3.57001,-29.8796,-30.6984,16.7422,43.9753,-3.97995,21.8974,-9.06163
2.50444,50.0841,-25.7397,22.4185,84.6026,-93.2458,24.614,-34.566,125.634,32.224,19.6011,-5.98037,-20.3316,15.4138,-3.4753,0.55855,39.3705,99.0324,47.2665,95.151,144.618,-22.4633,85.0134,21.0467,1504.68,60.7197,45.2938,10.5112,-4.67302,26.2841,4.22776,3.20025,0.657687,42.4318,-21.1079,20.8948,77.5146,-83.8433,27.9234,-32.9167,116.114,30.5898,21.614,-7.90642,-17.5341,17.6069,-6.53811,0.944162,-3.16162,43.9442,-26.2063,17.3037,76.7916,-93.2871,25.5583,-32.4652,125.612,27.1186,19.4965,-7.54714,-20.7553,16.2303,-3.89129,1.50895,-4.07409,39.3222,-30.2194,15.7245,78.1232,-96.697,22.912,-41.0845,119.03,28.722,21.6047,-9.03503,-20.2639,20.88,-7.36458,0.980783,-8.59669,34.7586,-38.3736,9.6247,75.3043,-108.953,19.3271,-52.6521,123.459,26.279,17.8165,-9.09639,-24.0392,18.4147,-9.74848,2.95913,-6.70293,35.4453,-33.3178,13.3811,78.5579,-103.684,20.1072,-48.0759,124.257,26.8907,23.1661,-8.89311,-25.2115,19.6093,-8.22292,2.6988,-3.15841,38.6817,-27.0012,18.4331,76.3893,-91.6442,22.6864,-36.909,125.686,32.1055,23.2853,-7.63038,-20.1431,18.5675,-6.56142,0.74793,2.91492,46.6497,-23.6591,23.6336,83.9546,-94.2351,28.7751,-27.385,145.242,40.1901,18.851,-7.1676,-20.2697,21.1773,-4.54411,3.56002,4.98147,51.7836,-20.9127,28.7644,91.0934,-99.6392,37.6338,-20.2671,185.872,59.7683,16.0193,-11.0639,-20.1995,27.9498,-3.03847,-1.52652
-1.2527,73.6176,-49.9714,22.7467,129.379,-160.121,34.895,-36.6954,32.5876,151.518,13.0983,-9.71117,-36.8473,19.5184,-8.63125,10.7185,24.8317,103.273,5.57452,76.3788,170.229,-100.836,77.0597,7.19579,60.7197,1406.04,35.5473,3.18779,-24.7571,25.2741,-1.79982,10.4815,-2.1254,62.4379,-41.8546,21.3242,118.845,-147.664,36.1175,-31.177,31.7065,138.459,16.4534,-11.296,-37.6396,22.7579,-11.6931,9.60153,-5.05756,64.428,-49.4416,19.3239,124.119,-161.249,35.9423,-44.5064,35.4011,142.668,14.3,-12.5014,-38.3804,21.3057,-10.0808,11.9976,-6.06535,61.659,-51.0484,17.6707,123.179,-162.809,33.9933,-38.5531,28.4699,145.687,13.5239,-12.1695,-45.1202,26.0267,-12.9795,11.3942,-8.93216,58.5983,-57.6926,11.6019,126.671,-178.577,33.2528,-45.5338,22.3358,151.909,9.6707,-16.239,-46.9098,26.2241,-18.079,10.6714,-7.31883,58.5696,-53.5315,15.3177,127.544,-173.457,34.9007,-44.6155,27.3341,148.574,12.9193,-14.8001,-46.6026,25.4838,-16.6893,10.6409,-4.78238,58.2811,-47.02,19.7743,120.149,-155.891,34.0171,-40.3215,32.5307,146.661,15.514,-12.218,-42.4413,24.4755,-11.4405,9.85095,-0.853376,67.2324,-48.8989,24.9603,129.487,-164.381,36.9321,-40.965,42.3585,172.12,16.6231,-10.5614,-41.2617,27.5972,-13.0442,17.6113,0.302481,72.6204,-49.0667,28.4931,142.126,-178.049,43.3541,-48.4944,60.1497,215.917,23.3581,-10.4278,-45.6955,30.9889,-6.48432,18.5474
-10.2503,31.401,-27.8278,4.73127,56.2826,-62.5993,12.5552,-20.4616,18.614,18.5689,84.3684,-7.54158,-10.7166,13.4662,-4.95159,9.94323,11.4533,58.023,13.605,48.8954,95.6393,-16.4064,44.4166,12.8523,45.2938,35.5473,832.014,6.24521,-2.33697,15.7035,0.175926,9.60109,-8.08504,26.5767,-23.1483,6.79955,52.783,-56.1451,10.1896,-15.6268,20.4281,16.965,76.3882,-3.09254,-12.5608,11.5468,-3.77671,8.91309,-10.8657,26.3872,-29.9539,2.65791,53.9154,-61.93,8.37894,-24.0872,14.7937,18.2929,82.403,-7.3921,-13.3642,16.6628,-4.52862,9.39571,-10.5207,24.3466,-28.8814,2.09488,53.6135,-63.9673,9.28764,-20.1594,19.7735,16.1759,78.897,-8.59854,-13.5175,11.0468,-4.39935,10.5194,-12.0662,22.0425,-33.3919,-2.4974,50.7107,-69.2021,5.96605,-23.0801,17.2366,10.3203,88.9068,-14.1491,-18.061,14.5725,-6.36441,6.70965,-10.0723,22.9167,-29.9387,0.0852698,53.5324,-67.5945,8.72707,-21.5734,18.9113,13.1991,84.0815,-13.0482,-16.4301,16.102,-7.46905,7.36888,-8.91978,23.5599,-26.8061,4.18986,51.9028,-60.8462,10.7789,-21.0025,16.2179,16.2287,79.0439,-7.71349,-14.4408,12.5612,-3.1789,9.74103,-9.79753,27.3032,-28.9796,3.99924,59.1664,-64.637,10.0301,-25.208,15.1539,24.0706,99.0912,-4.69547,-11.8064,16.2598,-3.65483,10.6473,-10.9232,29.0754,-30.6584,4.76946,63.4149,-67.6427,9.05956,-31.1405,7.26861,33.7973,124.175,5.35741,-10.8956,14.528,-2.02931,20.6599
-5.57442,-32.6415,15.8895,-10.934,-49.1974,59.6934,-4.18825,15.8761,-10.0099,-12.2567,-7.03563,39.3888,14.5897,-1.82117,9.51321,3.05625,6.73571,-10.5463,38.3936,17.9435,-16.1959,80.3756,18.9736,35.2565,10.5112,3.18779,6.24521,483.653,19.3156,1.99378,12.4427,3.99818,-4.43412,-27.9417,14.6678,-8.19568,-43.2603,55.5087,-4.1498,16.0717,-7.32145,-10.7592,-7.85825,39.7651,13.87,-2.81757,10.4424,2.87308,-6.107,-31.9452,13.3773,-11.9122,-49.2394,58.0959,-6.47965,15.3506,-12.199,-11.7301,-7.85992,39.7417,14.0162,-0.671853,10.4668,2.68497,-5.94429,-31.6544,12.954,-11.9897,-48.8741,57.7025,-5.9717,15.7846,-10.0067,-12.9269,-10.8235,40.859,15.9927,-4.1784,11.5361,3.33138,-7.13239,-33.885,10.8453,-15.0446,-55.2698,60.0897,-8.9279,15.5019,-12.1783,-17.611,-10.4754,43.2478,15.3683,-3.75936,13.0385,1.85645,-5.87119,-31.792,12.3161,-13.2693,-52.5324,60.5102,-7.3556,16.6204,-11.6397,-15.3761,-12.5574,43.6079,15.8905,-2.75314,12.4668,2.14718,-5.05552,-29.0663,12.7431,-10.3017,-47.2722,56.7539,-5.03287,15.7467,-11.0284,-12.6055,-10.3511,41.225,15.1739,-3.47891,12.1906,3.1603,-5.70307,-31.6228,13.9629,-11.8854,-48.5127,60.1849,-5.62337,16.1785,-12.1653,-11.8314,-3.50392,44.2876,16.8056,-2.02516,12.6923,2.61282,-6.4113,-33.7453,14.7915,-12.5731,-52.2784,65.878,-6.92761,17.0233,-16.4771,-11.6378,2.91347,52.4259,19.2409,-3.19248,13.5508,6.66385
-3.76,-61.2278,44.6366,-14.3897,-100.332,131.132,-16.4507,34.5898,-18.8334,-38.0717,-12.0575,14.7976,50.0089,-12.5373,16.757,1.3781,1.92552,-44.752,53.8886,2.53878,-74.2461,133.749,-0.0376098,44.9559,-4.67302,-24.7571,-2.33697,19.3156,428.466,-7.7433,18.2272,2.37484,-3.4302,-52.8688,39.362,-12.4801,-90.3895,119.336,-14.7858,32.0599,-16.3722,-35.9048,-11.2448,14.4588,48.6209,-12.3006,16.5726,1.31906,-4.58361,-58.1812,42.0346,-14.9956,-99.4302,127.47,-17.0394,34.3044,-19.1877,-38.3455,-12.2463,14.6144,51.2493,-12.2332,17.6928,1.37198,-4.58502,-57.1424,39.7379,-15.5587,-99.076,127.653,-17.7285,33.8457,-20.602,-39.9321,-13.5254,14.8695,54.1633,-14.1108,18.636,1.50402,-5.45952,-59.2276,39.0222,-17.817,-106.589,134.035,-20.3677,34.5365,-23.2939,-45.707,-15.1179,15.8263,58.9427,-16.2053,21.0747,1.19808,-4.65743,-56.9225,39.062,-16.5459,-104.43,133.829,-19.6488,35.0387,-22.8594,-44.0243,-15.261,15.8639,58.5509,-15.7982,21.1099,1.21334,-3.84336,-53.1682,38.0899,-13.8133,-96.0526,124.698,-17.1737,33.5692,-19.2667,-38.5359,-13.0248,15.1326,54.2096,-14.2143,19.3109,1.32596,-3.21276,-57.5998,42.6586,-14.5023,-100.669,132.886,-16.9551,37.3149,-17.6003,-38.2558,-11.443,16.5788,56.5644,-13.4044,20.0557,1.77871,-3.02518,-60.6896,46.5126,-14.3521,-106.708,143.982,-17.3816,41.5198,-14.7291,-36.8146,-10.1909,19.2431,61.3426,-13.7844,22.18,2.54036
